H1 = [0 1 1 598.90 7307.33 61.89
1  83.50  12 15 3  2
3  38.66  3  15 17 8
4  115.98 24 1  24 3
6  207.25 1  17 18 9
7  70.11  24 1  24 1
8  361.14 1  7  8  4
9  141.40 2  5  7  6 
10 60.00  12 5  17 5
22 152.00 1  3  4  7
98 1 40 0 0 0  
99 1 20 0 0 0  
100 1 0 0 0 0];

H2 = [0 2 2 696.15 8590.32 82.96
1  83.50  12 15 3  1
3  38.66  2  15 16 9
4  115.98 24 1  24 4
5  220.75 3  18 21 6
6  207.25 1  11 12 10
7  70.11  24 1  24 2
8  361.14 1  15 16 5
9  141.40 1  6  7  7
10 120.00 12 10 22 3
22 152.00 1  4  5  8
34 80.8   1  16 17 11 
98 1 40 0 0 0  
99 1 20 0 0 0  
100 2 0 0 0 0];

H3 = [0 3 3 790.54 11723.87 116.6
1  83.50  5  15 20 1
3  38.66  2  15 16 8
4  173.97 24 1  24 3
5  220.75 8  19 3  9
6  207.25 1  3  4  10
7  70.11  24 1  24 2
8  361.14 1  8  9  5
8  361.14 1  15 16 5
9  141.40 2  5  7  6 
10 180.00 12 5  17 4
22 152.00 1  4  5  7
34 80.8   1  15 16 11
98 1 40 0 0 0  
99 1 20 0 0 0  
100 3 0 0 0 0];

H4 = [0 4 4 840.49 14493.03 160.91 
1  83.50  12 15 3  1
3  38.66  2  15 16 9
4  289.95 24 1  24 3
5  220.75 8  19 3  6
6  207.25 1  15 16 10
7  70.11  24 1  24 2
8  361.14 1  3  4  5
8  361.14 1  8  9  5
8  361.14 1  14 15 5
9  141.40 2  5  7  7 
10 300.00 4  5  9  4
22 152.00 1  4  5  8
34 80.8   1  7  8  11
98 1 40 0 0 0  
99 1 20 0 0 0  
100 3 0 0 0 0];